61935
61936
61937
61938
61939
61940
61941
61942
61943
61944
61945
61946
65810
61947
61948
61949
61950
61951
61952
61953
61954
61955
61956
61957
61958
61959
61960
61961
61962
61963
61964
61965
61966
61967
61968
61969
61970
61971
61972
61973
61974
61975
61976
61977
61978
61979
61980
61981
61982
61983
61985
61986
61987
61988
61989
61990
61992
61993
61994
61995
61996
61997
61998
61999
62000
62002
62003
62004
62005
62006
62007
62008
62009
62010
62011
62012
62013
62014
62015
62016
62017
62018
62019
62020
62021
62022
62023
62024
62025
62026
62027
62028
62029
62030
62031
62032
62033
62034
62035
62036
62037
62038
62040
62041
62042
62043
62044
62045
62046
62047
62048
62049
62050
62051
62052
62053
62054
62055
62056
62057
62058
62059
62060
62061
62062
62063
62064
62065
62066
62067
62068
62069
62070
62071
62072
62073
62074
62075
62076
62077
62078
62079
62080
62081
62082
62083
62084
62085
62086
62087
62088
62089
62090
62092
62093
62094
62095
62096
62097
62099
62100
62101
62102
62103
65833
62104
62105
62106
62107
62108
62109
62110
62111
62112
62113
62114
62115
61888
61889
61890
61891
61892
61893
61894
61895
61896
61897
61898
61899
61900
61901
61902
61903
61904
61905
61906
61907
61908
61909
61910
61911
61912
61913
61914
61915
66437
61916
61917
61918
61919
61920
61921
61922
61923
61924
61925
61926
61927
66438
61928
62126
62127
62128
62129
62130
62133
62134
62135
62136
62137
62138
62139
62141
62142
62143
62144
62145
62146
62147
62148
62149
62150
62151
62152
62153
62154
62155
62156
62157
62158
62159
62160
62161
62162
62163
62164
62165
62166
62167
62169
62170
62171
62172
62173
62176
62178
62179
62181
62182
62183
62184
62185
62186
62187
62188
62189
62190
62191
62192
62193
65873
62194
62195
62196
62197
62198
62199
62202
62203
62205
62206
62207
62208
62210
62213
62215
62216
62218
65896
62220
62221
62222
62223
62224
62225
62226
62227
62228
62229
62230
62231
62232
62233
62234
62235
62236
62237
62238
62239
62275
62276
62277
62278
62279
62280
62281
62282
62283
62284
62285
62286
62287
62288
62289
62290
62291
62292
62293
62294
62295
62296
62297
62298
62299
62300
62301
62302
62303
62304
62305
62306
62307
62308
62309
62310
62311
62312
62313
62314
62315
62316
62317
62318
62319
62320
62321
62322
62323
62324
62325
62326
62327
62328
62329
62330
62331
62332
62333
62334
62335
62336
62337
62338
62339
62340
62341
62342
62343
62344
62345
62346
62347
62348
62349
62350
62351
62352
62353
62354
62355
62356
62357
62358
62359
62360
65904
62361
62363
65905
62364
62365
62366
62367
62368
62369
62370
62371
62372
62373
62270
62271
62272
62273
62274
62374
62376
62377
62378
62379
62380
62381
62383
62385
62386
62387
62388
62389
62390
62391
62392
62393
62394
62397
62398
62399
62400
62401
62402
62403
62404
62405
62406
62407
62408
62412
62413
62414
62491
62492
62493
62494
62495
62496
62497
62498
62499
62500
62501
62502
62503
62504
62505
62506
62507
62508
62509
62510
62511
62512
62513
62514
62515
62516
62517
62518
62519
62520
62521
62522
62523
62524
62525
62526
62527
62528
65916
62529
62530
62531
62532
62533
62534
62535
62536
62537
62538
62539
62540
62541
62542
62543
62544
62545
62546
62547
62548
62549
62550
62551
62552
62553
62554
62555
62556
62557
62558
62559
62560
62561
62562
62563
62564
62565
62566
65917
62567
62568
62569
62570
62415
62416
62417
62418
62419
62420
62421
62422
62423
62424
62425
62426
62427
62428
62429
62430
62431
62432
62433
62434
62435
62436
62437
62438
62439
62440
62441
62442
65918
62443
62444
62445
62446
65919
62447
62448
62449
62450
62451
62452
62453
62454
62455
62456
65938
62457
62458
62459
62460
62461
62462
62463
62464
62465
62466
62467
62468
62469
62470
62471
62472
62473
62474
62475
62476
62477
62478
62479
62480
62481
65954
62482
62483
62484
62485
62486
62487
62488
62489
62490
62240
62241
62242
62243
62244
62245
62246
62247
62249
62250
62251
62252
62253
62254
62255
62256
62257
62258
62259
62260
62261
62262
62263
65956
62264
62266
62268
62269
62571
62572
62573
62574
62575
62576
62577
62578
62579
62580
62581
62582
62583
62584
62585
62586
62587
62588
62589
62590
62591
62592
62593
62594
62595
62597
62598
62599
62600
62601
62602
62603
62604
62605
62606
62607
62608
62609
62610
65957
62613
62614
62615
62616
62617
62618
62619
62620
62621
62622
62623
62624
62625
62626
62627
62628
62629
62630
62631
62633
62634
62635
62638
62639
62640
62641
62642
62643
62644
62646
62647
62648
62649
62650
62651
62652
62653
62654
62665
62666
62667
62668
62669
62670
62671
62672
62673
62674
62675
62676
62677
62655
62656
62658
62659
62660
62661
65960
62663
62664
62678
62679
62680
62681
62682
62683
62684
62685
62686
62687
62688
62689
62690
62691
62692
62693
62694
62695
62696
62697
62698
62699
62700
62701
62702
62703
62704
62705
62706
62707
62708
62709
62710
62711
62712
62713
62714
62715
62716
62717
62718
62719
62720
62721
62722
62723
62724
62725
62726
62727
62728
62830
62831
62832
65966
65967
62833
62834
62835
62836
62837
62838
65968
65969
65970
65971
65972
65973
65974
65975
65976
65977
65978
65979
65980
65981
65982
62839
62840
62841
62842
62843
62844
62845
62846
62847
62848
62849
62850
62851
62852
62853
62854
62763
62764
62765
66439
62770
62771
62772
62773
62774
62775
62776
62777
62778
62779
62780
62781
62782
62783
62784
62785
62786
62787
62788
62789
62790
62791
62792
62793
62794
62795
62796
62797
62798
62799
62800
62801
62802
62935
62936
62937
62938
62939
62940
62941
65993
62942
62943
62944
62945
62946
62947
62948
62949
62950
62951
62952
62953
62954
62955
62956
62957
62958
62959
62960
62961
62962
62963
62964
62965
62966
62967
62968
62969
62970
62971
62972
62973
62974
62975
62976
62977
62978
62979
62980
62981
62982
62983
62984
62985
62986
62987
62988
62989
62990
62991
62992
62993
62994
63340
63341
63342
63343
63346
63347
63348
63349
63350
63351
63352
63353
63354
63355
63356
66037
63357
63358
63359
63360
63361
63362
63363
63364
63365
63366
63367
63368
63369
63370
63371
63372
63373
63375
63376
63377
63379
63380
63381
63382
63383
63384
63385
66038
63386
63387
63388
63389
63390
63391
63392
63393
63394
63395
63396
63397
63398
63399
63400
63401
63402
63403
63404
63405
63406
63407
63410
63411
63412
63413
63414
63415
63416
63417
63418
63419
63420
63421
63422
63423
63424
63425
63426
63427
63428
63429
63430
63431
63432
63433
63434
63435
63436
63437
63438
63439
66047
63440
63441
63442
63443
63444
63446
62995
62996
66049
62998
62999
63001
63002
63003
63004
63005
63006
63007
63008
63009
63010
63011
63012
63013
63014
63015
63016
63017
63018
63019
63020
63021
63022
63023
63024
63025
63026
63027
63028
63029
63031
63032
63033
63034
63035
63036
63037
63038
63039
63040
63041
63042
63043
63044
63045
63046
63047
63048
63049
63050
63051
63052
63053
63054
63055
63056
63057
63058
63059
63060
63061
63062
63063
63064
63065
63066
63067
63068
63069
63070
63071
63072
63073
63074
63075
63076
63077
63078
63079
63080
63081
63082
63083
63084
63085
63086
63087
63088
63091
63092
63093
63094
63095
63096
63097
63098
63099
63100
63101
63102
63103
63104
63105
63107
63108
63109
63110
63111
63112
63113
63114
63115
63116
63117
63118
63119
63120
63121
63122
63123
63124
63125
63126
63127
63128
63129
63130
63131
63132
63133
63134
66060
63135
63136
63137
63138
63139
63140
63141
63142
63143
63144
63145
63146
63147
63148
63149
63150
63151
63152
63153
63154
63155
63156
63157
63158
63159
63160
63161
63162
63163
63164
63165
63166
63167
63168
63169
63170
63171
66062
63174
63175
63176
63177
63178
63179
63180
63181
63182
63183
63184
63185
63186
63187
63188
63189
63190
63191
63192
63193
63194
63195
63196
63197
63198
63199
63200
63201
63202
63203
63204
63205
63206
63207
63208
63209
63210
66065
63211
63212
63213
63214
63215
66066
63216
66069
66070
63217
66071
63219
63220
63221
63222
63223
63224
63225
63227
63228
63229
66072
63230
63231
63232
63233
63234
66077
63235
63236
63237
63238
63239
63240
63241
63242
63243
63244
63245
63246
63247
63248
63249
63250
63251
63252
63253
63254
63255
63256
63257
63258
63259
63260
63261
63262
63263
63264
63265
63266
63267
63268
63269
63270
63271
63272
63273
63274
63275
63276
63277
63278
63279
63280
63281
63282
63283
66079
63284
63285
63286
63287
63288
63289
63290
63291
63292
63293
63294
63295
63296
63297
63298
63299
63300
63301
63302
63303
63304
63305
63306
63307
63308
63309
63310
63311
63312
63313
63314
63315
63316
63317
63318
63319
63320
63321
63322
63323
63324
63325
63326
63327
63328
63329
63330
63331
63332
63333
63334
63335
63336
63337
63338
63339
63468
63469
63470
63471
63478
63479
63480
63522
63524
63525
63526
66092
66093
66094
66095
66096
66097
66098
66099
63544
63545
63546
63547
63548
63549
63550
63551
63559
66436
63560
63561
63562
63563
63564
63565
63566
63567
63568
63569
63571
63572
63573
66104
63574
63575
63576
63577
63578
63581
63582
63583
63584
63585
63586
63587
63588
63589
63590
63591
63594
63595
63596
63597
63598
63601
63602
63603
63606
63607
63608
63609
63610
63611
63612
63613
66105
63614
63615
63617
63618
63619
63635
63636
63637
63638
63639
63640
63643
63645
63646
63647
63648
63649
63650
63655
63656
63658
63661
63662
63663
63664
63665
63667
63668
63669
63670
63671
63672
63673
63674
63675
63676
63677
63678
63679
66108
66109
63680
63681
63682
66110
63683
63684
63686
63687
63689
63690
63691
63694
63695
63697
63699
63700
63701
63702
63706
63707
63708
63709
63710
63711
63713
63714
63715
63716
63718
66111
63719
63720
63721
63722
63723
63724
63725
63726
63728
63729
63730
63731
63732
63733
63734
63735
63736
63737
63738
63739
63748
63749
63750
63751
63752
63753
63755
63756
63757
63758
63759
63762
63763
63764
63765
63768
63769
63771
63772
63773
63774
63775
63776
63777
63778
63779
63780
63781
63782
63783
63784
63785
63786
63787
63789
63790
63791
63794
63795
63796
63797
63798
66112
63799
63801
63802
63806
63807
63808
63809
63810
63811
63812
63813
63814
63815
63816
63817
63818
63819
63820
63821
63822
63823
63824
63825
63826
63827
63828
63829
63830
63831
63832
63833
63834
63835
63836
63837
63838
63839
63840
63841
63842
63843
63844
63845
63846
63848
63849
63850
63851
66113
63854
62855
62856
62857
62858
62859
62860
62861
62862
62863
62864
62865
62866
62867
62868
62869
62870
62871
62872
62873
62874
62875
62876
62877
62878
62879
62880
62881
62882
62883
62884
62885
62886
62887
62888
62889
62890
62891
62892
62893
62894
62895
62896
62897
62898
62899
62900
62901
62902
62903
62904
62905
62906
62907
62908
62909
62910
62911
62912
62913
62914
62915
62916
62917
62918
62919
62920
62921
62922
62923
62924
62925
62926
62927
62928
62929
62930
62931
62932
62933
62934
63855
63857
63858
63859
63860
63861
63862
63863
63864
63865
63866
63867
63868
63869
63870
63871
63872
63873
63874
63875
63876
63877
63878
63879
63880
63881
63882
63883
63884
63885
63886
63887
63888
63889
63890
63891
63892
63893
63894
63895
63896
63897
66124
63898
63899
63900
63901
63902
63903
63904
63905
63906
63907
63908
63909
63910
63911
63912
63913
63914
63915
63916
63917
63918
63919
63920
63921
63922
63923
63924
63925
63926
63927
63928
66130
63929
63930
63931
63932
63933
63934
63935
63936
63937
63938
63939
63940
63941
63942
63943
63944
63945
63946
63947
63948
63949
63950
63951
63952
63953
63954
63955
63956
64368
63987
63988
63957
63958
63959
63960
63961
63962
63963
63964
63965
63966
63967
63968
63969
63970
63971
63972
63973
63974
63975
63976
63977
63978
63979
63980
63981
63982
63983
63984
63985
64150
64151
64152
64153
64154
64155
64157
64158
64159
64160
64161
64162
64163
64164
64165
64166
64167
64168
64169
64170
64171
63989
63990
63991
63992
63993
63994
63995
63996
66136
63998
64002
64003
64004
64005
64006
64007
64008
64009
64010
64011
64012
64013
64014
66137
64015
64016
64017
64018
64019
64020
64021
64022
66139
64023
64024
64025
66140
66141
64028
64029
66142
64030
64031
64032
64033
64034
66143
64038
64039
64040
64042
64043
64044
64045
64046
64047
64048
64050
64051
64052
64053
64054
64056
64062
64063
64064
64065
64066
64067
64068
64069
64070
64071
66169
64073
64074
64077
64079
64082
66170
64083
64085
64086
64087
64088
66171
66172
64089
64090
64091
64092
64095
64100
64101
64102
64103
64104
64105
64106
64107
64108
66173
64110
64111
64112
64113
64115
64116
64117
64118
64119
64120
64121
64122
64123
64124
64125
64126
64127
64128
64129
64130
64131
64132
64133
64134
64135
64136
64137
64138
64139
64140
64142
64143
64144
64146
64149
64172
64173
64174
64175
64181
64182
64183
64184
64185
64186
64187
64188
64189
64191
64196
64197
64198
64199
64200
64201
64202
64203
64204
64205
64206
64207
64208
64209
64210
64211
64212
64213
64214
64215
64216
64217
64218
64219
64220
64221
64222
64223
64224
64225
64226
64227
64228
64229
64230
64231
64232
64233
64234
64238
64245
64246
64247
64249
64250
64251
64252
64253
64254
64258
64259
64260
64261
64262
64266
64267
64268
64269
64270
64271
64272
64273
64274
64275
64276
64281
64282
64283
64284
64285
64286
64287
64288
64289
64290
64291
64292
64293
64294
64295
64296
64297
64298
64299
64300
64301
64302
64303
64304
64305
64306
64307
64308
64309
64310
64311
64312
64313
64321
64322
64323
64324
64325
64326
64335
64336
64337
66247
64339
66248
64341
64342
64343
64344
66249
64345
64356
64357
64358
64359
66250
64362
64363
64364
64365
64367
64369
64370
64371
64372
64373
64375
64376
64377
64379
64380
64381
64382
64383
64384
64386
64389
64390
64391
64392
66251
64394
64395
64396
64397
64398
64399
64400
64401
64402
64403
64404
64405
64406
64407
64408
64409
64410
64411
64412
64413
64414
64415
64416
64417
64418
64419
64420
64421
64422
64423
64424
64425
64426
64427
64428
64429
64430
64431
64432
64433
64435
64436
64437
64438
64439
64440
64441
64442
64443
64444
64445
64446
64447
64448
64449
64450
64451
64452
64453
64454
64455
64456
64457
64458
64459
64460
64461
64462
64463
64464
64465
64466
64467
64468
64469
64472
64473
64474
64475
64476
64477
64478
64479
64480
66254
66255
64483
64484
64485
64486
64487
64488
64489
64490
64491
64492
64493
64494
64495
64496
64497
64498
64499
64500
64501
64502
64503
64504
64505
64506
64507
64508
64509
64510
64511
64512
64514
64515
64516
64517
64518
64519
64520
64521
64523
64524
64525
64526
64527
64528
64529
64530
64531
66256
64532
64533
66258
64534
64535
64536
64537
64538
64539
64540
64541
64542
64685
64686
64687
64688
64689
64690
64691
64692
64693
64694
64695
64696
66259
64697
64698
64699
64700
64701
64702
64703
64704
64705
64706
64707
64708
64709
64710
64711
64712
66260
64713
64714
64715
64716
64718
64719
64721
64722
64723
64724
64725
64726
64727
64729
64730
64731
64732
64733
64734
64735
64736
64737
64738
64739
64740
64644
64645
64646
64647
64648
64649
64650
64651
64652
64653
64654
64655
64656
66262
64657
64658
64659
64661
64662
64663
64664
64665
64666
64667
64668
64669
64670
64671
64672
64674
64675
64676
64677
64678
64679
64680
64681
64682
64683
64684
64741
64742
64743
64744
64745
64746
64747
64748
64749
64750
64751
64752
64753
64754
64755
64756
64757
64758
64759
64760
64547
64548
64549
64550
64551
64552
64553
64554
64555
64556
64557
64558
64559
64560
64561
64562
64563
64564
64565
64566
64567
64568
64569
64570
64571
64572
64573
64574
64575
64576
64577
64578
64579
64580
64581
64582
64583
64584
64585
64586
64587
64588
64589
64590
64591
64592
64593
64594
64595
64596
64597
64598
64599
64600
64601
64602
64603
64604
64605
64606
64607
64608
64609
64610
64611
64612
64613
64614
64615
64616
64617
64618
64619
64620
64621
64622
64623
64624
64625
64626
64627
64628
64629
64630
66272
64631
64632
64633
64634
64635
64636
64637
64638
66273
64639
64640
64641
64642
64643
64543
64544
64545
64546
66274
66275
64470
64471
64761
64762
64763
64764
64765
64766
64767
64768
64769
64770
64771
64772
64773
64774
64775
64776
64777
64778
64779
64780
64781
64782
64783
64784
64785
64786
64787
64788
64789
64790
64791
66277
64792
64793
64794
64795
64796
64797
64798
64799
64800
64801
64802
64803
64804
64805
66278
66279
66280
66281
64806
64807
64808
64809
64810
64811
64812
64813
64814
64815
64816
64817
64818
64819
64820
64821
64822
64823
64824
64825
64826
64827
64828
64829
64830
64831
64832
64833
64834
64835
64836
64837
64838
64839
64840
64841
64842
64843
64844
64845
64846
64847
64848
64849
64850
64851
64852
64853
64854
64855
64856
64857
64858
66282
64859
64860
64861
64862
64863
64864
64865
64866
64867
64868
64869
64870
64871
64872
66283
64873
64874
64875
64876
64877
64878
64879
64880
64881
64882
64883
64884
64885
64886
64887
64888
64889
64890
64891
64892
64893
64894
64895
64896
64897
64898
64899
64900
64901
66284
64902
64903
64904
64905
64906
64907
64908
66285
64909
64910
64911
64912
64913
64914
64915
64916
64917
64918
64919
64920
64921
64922
66286
64923
64924
64925
64926
64927
64928
64929
64930
64931
64932
64933
64934
64935
64936
64937
64938
64939
64940
64941
66287
66288
64942
64943
64944
64945
64946
64947
64948
64949
64950
64951
64952
64953
64954
64955
64956
64957
64958
64959
64960
64961
64962
64963
64964
64965
64966
64967
64968
64969
64970
64971
64972
64973
64974
64975
64976
64977
64978
64979
64980
64981
64982
64983
64984
64985
64986
64987
64988
64989
64990
64991
64992
64993
64994
64995
64996
64997
64998
64999
65000
65001
65002
65003
65004
65005
65006
65007
66289
65008
65009
65010
65011
65012
65013
65014
65015
65016
65093
65094
65095
65096
65097
65098
65099
65100
65101
65102
65103
65104
65105
65106
65107
65108
65109
65110
65111
65112
65113
65114
65115
65116
65017
65018
65019
65020
65021
65022
65024
65025
65027
65028
65029
65030
65031
65033
65034
65035
65039
65040
65042
65046
65047
65048
65050
65051
65052
65053
65054
65055
65056
65057
65058
65059
65060
65061
65063
65064
65067
65070
65072
65075
65076
65078
65081
65083
65084
65085
65086
65087
65088
65089
65090
65091
65092
65117
65118
65119
65120
65121
65122
65123
65124
65125
65126
65129
65130
65131
65132
65133
65134
65136
65137
65139
65141
65142
65143
65144
65145
65146
65147
65148
65149
65151
65152
65153
65154
65155
65156
65157
65158
65159
65160
65161
65162
65163
65164
65165
65166
65167
65168
65169
65170
65171
65172
65173
65174
65175
65176
65177
65178
65179
65180
65182
65183
65184
65185
65186
65187
65188
65194
65195
65196
65197
65198
66302
66303
66304
66305
66306
65199
65200
65201
65202
65203
65204
65205
65206
65207
65208
65209
65210
65212
65214
65215
65216
65217
65218
65219
65220
65221
65222
65223
65224
65225
65226
65228
65229
65230
65231
65233
65234
65235
65236
66312
65237
65238
65239
65240
65241
65242
65243
65244
65245
65246
65247
65248
65249
65250
65252
65253
65255
65256
65257
65258
65259
65260
65261
65262
65263
65264
65265
65266
65267
65268
65269
65270
65271
65272
65273
65274
65275
65276
65277
65278
65279
65280
65281
65282
65283
65284
65285
65286
65287
65288
65289
65290
65291
65292
65293
65295
65296
66321
65297
65298
65299
65300
65301
65302
65303
65304
65305
65306
65307
65308
65309
65310
65311
65312
65313
65314
65315
65316
65317
65318
65319
65320
65321
65322
65323
65324
65325
65326
65327
65328
65329
65330
65331
65332
65333
65357
65358
65359
65360
65361
65362
65363
65364
65365
65366
65367
65368
65369
65370
65371
65372
65373
65374
65375
65376
65377
65378
65379
65380
65381
65382
65334
65335
65336
66322
65337
65338
65339
65340
65342
65343
65344
65345
65346
65347
65348
65349
65350
65351
65352
65353
65354
65355
65356
65386
65387
65388
65389
65390
65391
65392
65393
65394
65395
65414
65415
65416
65417
65418
65419
65420
65421
65422
65423
65424
65425
65426
65427
65428
65429
65430
65431
65432
65433
65434
65435
65436
65437
65438
65439
65440
65441
65442
65443
65444
65445
65446
65447
65448
65449
65450
65451
65452
65453
65454
65455
65456
65457
65458
65459
65460
65461
65462
65464
65465
65466
65467
65468
65469
65470
65471
65472
65473
65474
65475
65476
65477
65478
65479
65480
65481
65482
65483
65484
65485
65486
65487
65488
65489
65490
65491
65492
65493
65494
65495
65496
65497
65498
65499
65500
65501
65502
65503
65504
65506
65507
65508
65509
65510
65511
65512
65513
65514
65515
65516
65517
65518
65519
65520
65521
65522
65523
65524
66366
65525
65526
65527
65529
65530
65531
65532
65533
65534
65535
65536
65537
66368
65538
65539
65540
65541
65542
65543
65544
65545
65546
65547
65561
65562
65563
65564
65565
65566
65567
65568
65569
65570
65571
65572
65573
65574
65576
65577
65578
65579
65580
65581
65582
65583
65584
65585
65586
65587
65588
65591
65592
66369
65593
65594
65595
65596
65597
65598
65599
65600
65601
65602
65603
65604
65605
65606
65607
65608
65609
65610
65612
65613
65614
65627
65629
65632
65635
65636
65637
65638
65639
65640
65641
65642
65643
65644
65645
65646
65647
65649
65650
65651
65652
65653
65654
65655
65656
65657
65658
65659
65660
65663
65664
65665
65666
65667
65671
65672
65673
65674
65675
65676
65396
65397
65398
65399
65400
65401
65402
65403
65404
65405
65406
65407
65408
65409
65410
65411
65413
65677
65679
